43729
34623
69364
29836
91683
88953
91551
108234
75169
100273
91476
57382
63703
64993
75259
14376
127417
148633
9038
139348
159815
5313
157828
79356
4461
70685
6020
11816
161560
45473
145827
81985
57271
118846
134544
48559
48153
161652
150847
34888
125254
78383
6938
159109
4937
85112
118375
54516
146318
36188
91014
60309
162328
64725
76943
85661
13463
30560
2359
12598
112192
11748
157150
156671
161870
20118
43419
79109
60381
121359
117837
92163
41341
107249
1845
41006
83359
131688
33523
20537
143673
105157
87821
96007
160146
57643
15010
35265
82934
49176
45484
57489
83911
20182
159869
39323
78687
6369
14659
131118
140862
101615
152764
24021
141148
62091
152782
91034
5555
78932
141939
31786
133438
110269
77967
155932
85179
41847
58712
50335
140799
73060
23387
123870
126767
132198
124976
159702
144563
137895
148043
149879
150532
47449
108500
8606
137769
158624
126288
153602
88006
123967
51360
155049
88937
61283
88310
105729
111466
148367
1297
119261
105371
63883
79440
76533
110997
104769
124874
49716
28182
133424
49074
106951
146824
28671
119163
81976
94206
123849
133709
121029
13168
47459
128145
57368
1635
63825
80270
134565
59109
105470
21360
6962
121552
134803
117272
80775
76885
22765
123157
39476
66235
26681
38313
91764
54690
21924
2490
86562
6886
24711
159734
160365
40821
27478
14046
103523
99580
23757
47121
32449
107710
76017
146680
141233
107415
68193
88599
49265
58161
13207
68369
18821
60379
108151
139637
16162
107304
2213
132840
156364
155420
157423
108961
61216
8654
121936
133527
131543
1705
12317
22832
120897
108548
158553
99992
93745
43416
94810
20852
127717
50774
76742
134711
100453
68304
150031
13257
54535
116371
59195
13938
102955
159356
41582
78118
8948
143835
101061
10855
45549
72160
163491
2084
152034
138453
79162
77324
26122
117246
142826
58111
114344
100997
86934
4756
40192
65056
5363
147517
124625
133415
150855
143863
889
50942
107593
136945
1897
62075
89059
105400
57409
39885
57916
100161
73448
132612
25667
95221
3576
96830
45773
72307
37582
17765
81748
95113
93072
22672
31186
58152
157135
34907
26104
152957
150423
160273
31382
138897
66185
84374
128058
47793
147126
21012
61174
129811
71782
136345
25382
28926
103516
146883
23039
156635
40277
125397
12017
76291
119396
39492
143437
41402
100040
1922
72086
7771
10400
150140
73754
124656
151013
55182
137277
129683
52345
93026
87554
98667
77836
97061
75438
74529
126434
162418
129496
143465
101173
98076
120821
61176
115704
131868
99660
133587
28444
46916
45200
129879
23754
57288
42468
83405
102176
24510
72471
98975
22362
96644
114647
87582
18871
20639
82734
19892
17820
3262
106801
33948
65405
83531
147209
146278
125266
20597
56686
112393
152843
34701
12969
107385
154568
64760
18725
128446
88866
10079
133781
19910
157005
119850
138336
107117
56214
115519
125010
100609
151629
62776
160072
35075
61059
160798
160288
160847
73681
63075
85894
51435
84517
100493
98883
77491
116998
33159
136175
24065
117313
95445
147332
70073
147859
18450
109531
57149
148527
112036
22202
29080
46220
142143
22884
95885
133606
66414
85954
112149
71695
135593
69272
158104
137766
8781
104121
66000
163146
22197
38054
97400
14907
116979
141055
31283
13346
42717
147452
64499
16005
157151
155801
9295
13951
137337
110088
50650
99603
99744
95537
26034
70792
64687
118847
163526
156059
89450
73124
44092
5905
4511
76418
52348
62466
86422
92135
38813
3921
53446
22470
83869
164161
110869
29891
130969
149024
125401
129817
58154
161250
26495
123941
117555
75845
87178
80547
152022
82327
136684
58177
145121
147890
93318
151282
118972
79987
36460
53368
114994
27298
149245
44075
50885
157369
116084
82887
85106
107078
96645
51260
34160
84143
153554
102451
12390
134855
119330
149198
31462
122425
9658
107324
44891
37250
143911
17467
85864
140369
40244
34598
144748
69518
117852
5239
59563
28253
110587
13627
156909
4166
119901
3475
42029
133697
25826
30202
113666
63378
7094
162734
24890
5961
56579
101131
122044
18593
55430
5064
73748
125908
121630
148272
124214
141767
115943
77714
37071
108625
51993
16774
73612
143791
20964
96153
64592
84622
23642
157758
99625
68998
2964
91714
23106
9333
26491
15759
104392
83546
161660
153550
163478
38213
73098
41222
97186
102598
131536
116625
42180
69534
86494
793
5835
67185
18274
118971
39592
16400
29877
38057
35728
85597
50912
105491
34922
158315
119820
71296
84079
95516
8421
68712
86309
29789
15416
131938
60192
85346
151466
100354
47600
161669
61185
3132
112649
16628
50286
138178
110555
2584
74204
67505
79865
34231
96776
12129
46742
61296
153737
12582
124102
31619
93950
64400
76143
123872
64936
20009
20016
13234
139732
105364
157748
113856
4055
108351
127756
118930
81851
58779
75126
131292
44208
86512
78500
156931
132217
153209
137420
48781
38074
80346
42640
70296
111635
96309
134437
15771
58527
164007
24081
68507
10986
14161
147200
162510
106530
21125
48718
38086
110253
111957
72136
86133
18421
88910
156149
124233
15805
84901
117590
42287
147101
75768
115595
66435
163577
128677
94260
23796
72520
4830
97831
29657
83860
79305
66559
116784
153967
115951
77668
158127
54364
122562
108240
125191
140062
36984
102119
66198
109635
160635
104352
1907
76361
116967
145182
106859
134143
2817
155046
119907
99686
148815
145421
16512
134070
126078
32799
122337
96362
31477
132191
22663
100652
71405
41701
93053
76778
33697
158917
11970
499
79792
137615
108226
124051
79723
110922
55048
43879
82665
4524
13118
123934
28552
123325
128934
66489
110954
129434
142026
22169
26722
62737
76379
48461
1709
91627
158939
60237
88435
62846
72786
143090
50699
106692
79523
88528
150357
12610
135508
49998
106238
130818
107406
64595
138193
15278
104102
64292
87196
139875
131151
103367
50641
38285
75209
38153
45612
157433
18404
134562
62334
59932
52336
12720
75183
27368
72656
47996
147048
151514
72654
105139
152812
53624
16364
39095
31157
111525
61442
58534
130696
38328
132905
104035
65793
56258
144419
152201
82617
113418
155958
122060
123449
142895
153787
123864
160937
47933
102323
110241
60398
64958
28729
157426
58190
78348
146882
30648
157912
20885
57660
59040
150840
145177
125183
71739
89205
38919
137013
64092
46790
104841
24751
52001
152243
15623
23374
33589
41255
69104
41123
56330
40516
39465
100369
55306
61278
126212
10140
23677
139856
70645
128018
21828
85968
138960
55566
126271
100332
64859
163942
64485
77881
101829
52081
137689
98221
96654
161901
162558
138207
74722
67689
86260
7587
17794
163598
